0.100000 1.200000 0.000000 0.000000
0.300000 1.200000 0.000000 0.000000
0.500000 1.200000 0.000000 0.000000
0.700000 1.200000 0.000000 0.000000
0.900000 1.200000 0.000000 0.000000
1.100000 1.200000 0.000000 0.000000
1.300000 1.200000 0.000000 0.000000
1.500000 1.200000 0.000000 0.000000
1.700000 1.200000 0.000000 0.000000
1.900000 1.200000 0.000000 0.000000
2.100000 1.200000 0.000000 0.000000
2.300000 1.200000 0.000000 0.000000
2.500000 1.200000 0.000000 0.000000
2.700000 1.200000 0.000000 0.000000
2.900000 1.200000 0.000000 0.000000
3.100000 1.200000 0.000000 0.000000
3.300000 1.200000 0.000000 0.000000
3.500000 1.200000 0.000000 0.000000
3.700000 1.200000 0.000000 0.000000
3.900000 1.200000 0.000000 0.000000
4.100000 1.200000 0.000000 0.000000
4.300000 1.200000 0.000000 0.000000
4.500000 1.200000 0.000000 0.000000
4.700000 1.200000 0.000000 0.000000
4.900000 1.200000 0.000000 0.000000
5.100000 1.200000 0.000000 0.000000
5.300000 1.200000 0.000000 0.000000
5.500000 1.200000 0.000000 0.000000
5.700000 1.200000 0.000000 0.000000
5.900000 1.200000 0.000000 0.000000
6.100000 1.200000 0.000000 0.000000
6.300000 1.200000 0.000000 0.000000
6.500000 1.200000 0.000000 0.000000
6.700000 1.200000 0.000000 0.000000
6.900000 1.200000 0.000000 0.000000
7.100000 1.200000 0.000000 0.000000
7.300000 1.200000 0.000000 0.000000
7.500000 1.158540 0.138473 0.119524
7.700000 1.101944 0.315366 0.286190
7.900000 1.097682 0.328110 0.298912
8.100000 1.097682 0.328110 0.298912
8.300000 1.097682 0.328110 0.298912
8.500000 1.097682 0.328110 0.298912
8.700000 1.097682 0.328110 0.298912
8.900000 1.097682 0.328110 0.298912
9.100000 1.097682 0.328110 0.298912
9.300000 1.097682 0.328110 0.298912
9.500000 1.097682 0.328110 0.298912
9.700000 1.097682 0.328110 0.298912
9.900000 1.097682 0.328110 0.298912
10.100000 1.097682 0.328110 0.298912
10.300000 1.097682 0.328110 0.298912
10.500000 1.097682 0.328110 0.298912
10.700000 1.097682 0.328110 0.298912
10.900000 1.097682 0.328110 0.298912
11.100000 1.097682 0.328110 0.298912
11.300000 1.097682 0.328110 0.298912
11.500000 1.097682 0.328110 0.298912
11.700000 1.097682 0.328110 0.298912
11.900000 1.097682 0.328110 0.298912
12.100000 1.097682 0.328110 0.298912
12.300000 1.097682 0.328110 0.298912
12.500000 1.097682 0.328110 0.298912
12.700000 1.097682 0.328110 0.298912
12.900000 1.000000 0.000000 0.000000
13.100000 1.000000 0.000000 0.000000
13.300000 1.000000 0.000000 0.000000
13.500000 1.000000 0.000000 0.000000
13.700000 1.000000 0.000000 0.000000
13.900000 1.000000 0.000000 0.000000
14.100000 1.000000 0.000000 0.000000
14.300000 1.000000 0.000000 0.000000
14.500000 1.000000 0.000000 0.000000
14.700000 1.000000 0.000000 0.000000
14.900000 1.000000 0.000000 0.000000
15.100000 1.000000 0.000000 0.000000
15.300000 1.000000 0.000000 0.000000
15.500000 1.000000 0.000000 0.000000
15.700000 1.000000 0.000000 0.000000
15.900000 1.000000 0.000000 0.000000
16.100000 1.000000 0.000000 0.000000
16.300000 1.000000 0.000000 0.000000
16.500000 1.000000 0.000000 0.000000
16.700000 1.000000 0.000000 0.000000
16.900000 1.000000 0.000000 0.000000
17.100000 1.000000 0.000000 0.000000
17.300000 1.000000 0.000000 0.000000
17.500000 1.000000 0.000000 0.000000
17.700000 1.000000 0.000000 0.000000
17.900000 1.000000 0.000000 0.000000
18.100000 1.000000 0.000000 0.000000
18.300000 1.000000 0.000000 0.000000
18.500000 1.000000 0.000000 0.000000
18.700000 1.000000 0.000000 0.000000
18.900000 1.000000 0.000000 0.000000
19.100000 1.000000 0.000000 0.000000
19.300000 1.000000 0.000000 0.000000
19.500000 1.000000 0.000000 0.000000
19.700000 1.000000 0.000000 0.000000
19.900000 1.000000 0.000000 0.000000
